69.63178615940109 83.14808196840217 0.3094606506439207
18.63259015059387 10.647720824431124 0.5171516923689781
88.49237050213125 18.138560965219376 0.379871345209007
22.566865135933504 23.206305561437475 0.2239456055435296
11.927247649151118 89.48316555699567 0.6325504769988542
71.46868777901915 61.70174037823108 0.05649666879610438
29.636890539278482 83.8778414757071 0.8625197197859248
21.632742536904495 27.394434824770393 0.0612801180613588
67.64427498803411 36.75529145313726 0.6456906074112563
41.57764060885778 19.227472675794253 0.7452702723583324
58.65684202251953 60.30084163011668 0.25581583706610833
81.25625494689939 70.610986768692 0.6080889084975709
85.89095178089039 56.702311845527014 0.12833226481511317
15.47523579896601 43.18515351734848 0.136218038917453
63.02047103058855 34.16071185344144 0.5022931861500727
42.45368308676301 57.99095247508875 0.14602727460308762
52.15037295592985 25.250947330373286 0.902532992803792
49.985267021107575 35.85117997450541 0.584802130970675
64.95198164287501 60.344429080411686 0.18392287339848323
16.70906929110716 10.58606937743277 0.4590680776332965
76.77527167697167 61.90775318511358 0.41245730950268256
15.812483211393769 48.48048662199055 0.2951986497649095
39.26625925500798 82.55101558335181 0.6170578086410387
84.70276082764704 36.100540678928866 0.4159081818317588
46.71844803137063 41.29805390185691 0.29038153639763553
65.3787374578856 46.09552096403955 0.5496826735180584
14.215159518200888 73.13108776340243 0.3317919387279248
84.48295354773431 59.75310252679485 0.9446126129497615
43.18810785595553 12.64115589109819 0.3234759769867368
15.035713517532452 10.313977521186493 0.08500202114714661
