	0.000		0.000
	1.000		0.333
	2.000		2.667
	3.000		9.000
	4.000		21.333
	5.000		41.667
	6.000		72.000
	7.000		114.333
	8.000		170.667
	9.000		243.000
	10.000		333.333
	11.000		443.667
	12.000		576.000
	13.000		732.333
	14.000		914.667
	15.000		1125.000
	16.000		1365.333
	17.000		1637.667
	18.000		1944.000
	19.000		2286.333
	20.000		2666.667
	21.000		3087.000
	22.000		3549.333
	23.000		4055.667
	24.000		4608.000
	25.000		5208.333
	26.000		5858.667
	27.000		6561.000
	28.000		7317.333
	29.000		8129.667
	30.000		9000.000
	31.000		9930.333
	32.000		10922.667
	33.000		11979.000
	34.000		13101.333
	35.000		14291.667
	36.000		15552.000
	37.000		16884.333
	38.000		18290.667
	39.000		19773.000
	40.000		21333.333
	41.000		22973.667
	42.000		24696.000
	43.000		26502.333
	44.000		28394.667
	45.000		30375.000
	46.000		32445.333
	47.000		34607.667
	48.000		36864.000
	49.000		39216.333
	50.000		41666.667
	51.000		44217.000
	52.000		46869.333
	53.000		49625.667
	54.000		52488.000
	55.000		55458.333
	56.000		58538.667
	57.000		61731.000
	58.000		65037.333
	59.000		68459.667
	60.000		72000.000
	61.000		75660.333
	62.000		79442.667
	63.000		83349.000
	64.000		87381.333
	65.000		91541.667
	66.000		95832.000
	67.000		100254.333
	68.000		104810.667
	69.000		109503.000
	70.000		114333.333
	71.000		119303.667
	72.000		124416.000
	73.000		129672.333
	74.000		135074.667
	75.000		140625.000
	76.000		146325.333
	77.000		152177.667
	78.000		158184.000
	79.000		164346.333
	80.000		170666.667
	81.000		177147.000
	82.000		183789.333
	83.000		190595.667
	84.000		197568.000
	85.000		204708.333
	86.000		212018.667
	87.000		219501.000
	88.000		227157.333
	89.000		234989.667
	90.000		243000.000
	91.000		251190.333
	92.000		259562.667
	93.000		268119.000
	94.000		276861.333
	95.000		285791.667
	96.000		294912.000
	97.000		304224.333
	98.000		313730.667
	99.000		323433.000
